     Time     Replica1     Replica2     Replica3
   0      288.685      287.781      292.423
 100      383.407      323.375      371.010
 200      298.510      425.122      356.423
 300      368.524      447.146      431.530
 400      372.682      456.346      366.991
 500      354.842      432.567      437.263
 600      413.759      412.243      391.758
 700      413.744      419.503      407.015
 800      366.395      402.358      424.613
 900      438.340      484.234      456.494
1000      373.076      415.874      431.822
1100      443.186      382.105      400.117
1200      485.123      372.752      375.539
1300      504.859      438.508      377.664
1400      496.675      359.384      392.456
1500      462.492      308.726      446.928
1600      433.576      401.441      467.504
1700      490.881      342.775      407.023
1800      477.658      348.315      395.505
1900      369.293      419.251      406.931
2000      469.699      380.422      410.883
2100      425.746      430.267      462.099
2200      479.923      407.369      456.711
2300      474.633      457.705      500.722
2400      474.930      445.124      493.213
2500      430.664      457.973      467.798
2600      396.055      413.340      512.171
2700      392.139      378.018      463.349
2800      394.260      403.512      478.887
2900      421.950      414.897      442.142
3000      419.367      400.199      405.036
3100      418.797      434.569      491.080
3200      440.265      393.983      415.025
3300      468.889      442.661      401.334
3400      522.405      436.522      395.678
3500      502.705      428.042      392.723
3600      493.315      455.001      446.888
3700      454.993      422.996      383.548
3800      534.896      405.851      412.945
3900      473.089      411.717      353.011
4000      489.108      428.039      416.124
4100      475.972      465.077      364.068
4200      477.053      480.375      400.190
4300      456.867      419.045      395.551
4400      467.403      448.903      393.483
4500      452.030      400.336      402.860
4600      464.425      451.156      393.369
4700      501.629      429.023      391.782
4800      456.881      459.152      350.320
4900      472.771      390.728      468.940
5000      451.884      459.447      386.581
5100      472.008      416.126      348.778
5200      488.726      428.055      340.845
5300      503.671      470.615      414.525
5400      442.440      440.738      377.345
5500      560.309      429.397      357.059
5600      519.764      462.763      369.218
5700      523.275      439.785      433.933
5800      511.734      489.351      379.382
5900      487.430      414.446      420.983
6000      511.771      436.057      363.834
6100      543.278      438.025      413.114
6200      513.969      461.164      397.321
6300      563.610      479.340      406.679
6400      493.186      458.115      349.785
6500      486.580      471.850      415.979
6600      575.991      470.148      457.923
6700      602.006      486.109      464.156
6800      577.383      395.723      396.825
6900      517.566      425.959      392.841
7000      572.251      479.234      378.440
7100      541.366      456.215      425.519
7200      606.598      414.614      349.482
7300      580.341      454.023      358.240
7400      559.734      426.942      393.692
7500      573.944      376.907      398.380
7600      565.580      390.846      366.620
7700      532.013      380.559      456.256
7800      545.245      314.265      467.601
7900      551.971      332.129      447.025
8000      467.593      369.242      415.407
8100      503.099      354.041      444.759
8200      500.219      352.809      410.074
8300      540.608      298.585      418.693
8400      556.919      312.911      488.922
8500      565.395      366.771      435.528
8600      556.201      346.597      463.608
8700      568.731      325.628      400.166
8800      534.373      374.233      472.230
8900      492.356      359.931      488.950
9000      525.264      362.322      447.109
9100      502.959      384.337      494.185
9200      587.106      365.535      527.150
9300      555.993      354.397      476.248
9400      548.183      323.377      402.676
9500      528.801      371.019      415.362
9600      489.907      358.923      408.814
9700      557.361      367.087      351.085
9800      581.517      387.749      408.882
9900      549.664      383.357      389.208
10000      466.278      408.047      325.804
10100      510.479      442.658      349.170
10200      557.960      406.878      400.553
10300      542.529      379.678      424.667
10400      520.853      392.990      461.816
10500      466.267      345.019      487.377
10600      473.708      345.797      469.185
10700      480.968      408.977      470.651
10800      488.902      404.762      460.123
10900      524.815      359.467      440.227
11000      497.159      328.506      395.179
11100      520.511      297.056      414.417
11200      558.811      336.901      405.513
11300      627.357      374.332      365.592
11400      591.216      323.396      387.298
11500      576.776      387.650      352.783
11600      545.517      431.242      407.590
11700      532.025      410.574      374.041
11800      596.954      365.453      357.393
11900      582.359      449.990      350.598
12000      552.108      435.516      355.647
12100      548.193      411.276      349.374
12200      548.616      364.270      355.778
12300      531.298      392.658      375.207
12400      509.870      377.698      494.378
12500      539.340      427.998      398.821
12600      562.764      413.247      361.696
12700      601.136      418.116      435.302
12800      573.217      405.148      483.289
12900      569.971      458.652      424.891
13000      538.592      436.722      431.152
13100      553.397      405.965      422.591
13200      519.586      389.150      467.805
13300      508.102      359.005      378.040
13400      546.910      392.317      431.097
13500      536.259      361.088      500.645
13600      501.390      346.844      519.560
13700      509.804      352.022      476.196
13800      494.387      320.702      465.203
13900      567.654      371.068      450.876
14000      579.899      356.459      470.880
14100      498.082      342.282      503.699
14200      500.926      353.485      484.383
14300      520.584      381.428      482.037
14400      544.289      337.031      511.517
14500      518.999      375.153      510.705
14600      498.183      341.780      507.481
14700      544.611      294.589      487.587
14800      537.562      368.177      438.701
14900      532.480      270.281      483.370
15000      595.228      334.323      542.789
15100      556.623      325.135      521.857
15200      523.649      313.154      539.219
15300      560.179      280.939      450.370
15400      543.844      317.118      485.609
15500      596.033      279.498      437.545
15600      522.094      328.811      431.305
15700      601.407      300.307      465.038
15800      591.743      332.280      447.122
15900      581.271      321.517      464.331
16000      546.825      325.518      453.743
16100      566.841      350.061      459.434
16200      479.814      360.767      431.839
16300      511.815      335.017      463.479
16400      558.502      377.629      510.136
16500      555.100      367.177      466.677
16600      541.292      385.911      395.340
16700      587.805      384.303      474.604
16800      566.169      357.515      403.540
16900      579.637      370.100      422.402
17000      591.253      419.675      364.144
17100      539.985      347.650      410.778
17200      581.672      350.735      417.593
17300      571.748      352.654      446.048
17400      593.606      352.612      380.464
17500      600.650      361.624      353.254
17600      543.890      401.897      394.266
17700      541.034      376.998      354.686
17800      539.954      308.358      393.564
17900      618.248      334.165      418.673
18000      562.886      345.962      403.582
18100      572.375      375.699      456.840
18200      575.141      400.320      430.292
18300      553.974      343.174      430.675
18400      526.316      377.881      393.888
18500      487.349      363.133      442.488
18600      490.535      388.369      455.175
18700      530.086      343.523      449.444
18800      501.124      387.447      452.675
18900      472.377      428.172      499.550
19000      520.098      362.918      548.664
19100      584.455      393.015      512.498
19200      565.033      393.460      532.765
19300      548.665      407.515      475.522
19400      544.274      338.579      436.806
19500      480.322      325.410      379.268
19600      601.674      412.755      459.015
19700      546.719      411.108      420.380
19800      542.818      386.860      459.283
19900      551.230      347.267      468.359
20000      585.860      339.601      384.190
20100      615.209      450.145      357.550
20200      580.694      413.141      412.951
20300      546.135      400.472      381.445
20400      535.301      367.821      342.901
20500      589.756      332.258      354.640
20600      593.003      368.407      360.143
20700      588.299      339.941      390.442
20800      545.714      338.976      402.872
20900      532.320      369.780      393.608
21000      513.621      326.612      359.678
21100      549.412      340.059      380.862
21200      568.188      315.344      412.637
21300      583.360      353.041      468.548
21400      561.510      389.948      401.016
21500      582.229      390.465      450.945
21600      563.910      386.165      499.344
21700      553.891      345.503      441.668
21800      542.368      366.079      384.321
21900      576.151      402.839      378.362
22000      566.534      321.239      403.665
22100      506.117      368.536      383.374
22200      560.244      378.524      407.653
22300      557.938      355.976      387.784
22400      531.080      406.635      365.494
22500      542.609      416.181      408.611
22600      560.021      366.248      401.971
22700      528.246      354.127      329.525
22800      552.604      379.408      404.694
22900      469.864      426.731      348.636
23000      544.571      393.561      394.974
23100      529.210      401.468      400.603
23200      529.553      428.527      337.637
23300      474.744      399.273      343.908
23400      498.137      381.742      354.215
23500      488.358      368.190      372.043
23600      485.825      408.760      391.498
23700      490.260      457.540      376.726
23800      422.929      468.103      362.356
23900      447.186      427.110      318.324
24000      411.195      455.633      334.165
24100      468.237      445.269      388.712
24200      411.622      404.911      349.023
24300      474.456      388.234      401.622
24400      380.775      415.756      417.752
24500      402.962      374.942      398.755
24600      431.600      422.849      371.878
24700      487.784      352.719      437.945
24800      480.843      358.360      433.605
24900      494.380      317.715      461.087
25000      458.221      295.918      431.431
25100      444.556      330.645      374.274
25200      490.960      389.330      342.440
25300      441.991      355.678      405.936
25400      461.318      320.767      401.741
25500      464.071      338.771      415.724
25600      445.963      312.474      478.114
25700      488.720      272.733      452.218
25800      499.635      294.337      373.242
25900      471.275      315.075      420.541
26000      510.632      328.959      382.578
26100      544.561      334.835      389.047
26200      532.351      381.453      402.323
26300      514.628      321.508      395.906
26400      508.559      305.180      302.598
26500      517.058      362.110      333.597
26600      498.667      265.664      356.129
26700      521.598      300.537      338.215
26800      528.114      268.551      355.367
26900      476.665      276.489      414.379
27000      510.046      280.006      406.344
27100      541.728      297.275      385.433
27200      502.843      319.149      445.588
27300      487.346      337.446      370.807
27400      477.353      342.973      386.785
27500      513.737      322.409      389.032
27600      504.517      333.117      394.711
27700      472.625      317.775      411.750
27800      499.272      278.116      389.928
27900      479.232      316.251      369.562
28000      447.046      319.567      384.266
28100      497.467      317.364      426.709
28200      476.575      317.230      388.663
28300      469.944      308.337      386.525
28400      464.970      330.208      336.507
28500      444.105      276.835      350.338
28600      431.282      348.283      353.493
28700      440.845      326.438      342.129
28800      489.598      336.026      394.055
28900      468.651      356.745      335.751
29000      482.379      335.059      389.435
29100      493.593      334.834      424.998
29200      516.166      363.779      389.277
29300      471.983      323.003      372.198
29400      536.957      324.578      355.762
29500      521.175      363.363      374.136
29600      501.973      351.078      401.439
29700      528.314      349.268      355.194
29800      518.014      374.344      371.119
29900      501.209      347.461      333.119
30000      472.848      412.802      334.609
30100      514.917      361.939      357.908
30200      485.365      442.786      356.648
30300      522.000      380.052      367.273
30400      519.359      345.326      378.925
30500      538.638      351.856      385.076
30600      506.948      306.610      374.814
30700      502.333      357.502      357.525
30800      479.777      293.931      314.361
30900      491.435      332.963      337.333
31000      522.112      323.656      331.405
31100      501.034      282.443      363.848
31200      494.053      283.170      349.898
31300      430.531      274.627      325.972
31400      424.256      332.783      350.671
31500      413.676      326.332      319.516
31600      440.172      349.557      305.969
31700      482.104      352.782      409.843
31800      422.022      365.633      373.881
31900      446.841      341.368      393.556
32000      481.070      335.387      325.715
32100      449.270      362.143      354.474
32200      503.215      325.610      435.441
32300      466.358      338.911      444.603
32400      469.063      363.187      379.561
32500      462.418      350.546      378.954
32600      476.074      380.724      412.979
32700      522.655      396.090      370.506
32800      482.219      371.832      380.816
32900      512.081      324.791      437.574
33000      525.421      357.284      449.507
33100      494.277      396.165      402.463
33200      548.766      353.545      433.954
33300      554.140      350.103      423.676
33400      541.256      295.557      444.598
33500      474.335      323.366      416.945
33600      471.228      363.458      459.802
33700      506.401      326.404      421.955
33800      498.549      392.493      438.657
33900      500.926      336.276      438.499
34000      515.949      362.844      472.353
34100      518.134      351.380      518.552
34200      543.842      344.691      504.622
34300      507.048      351.648      495.201
34400      539.640      366.695      469.556
34500      514.412      329.167      470.350
34600      478.097      372.868      410.097
34700      474.373      357.955      446.630
34800      545.007      340.720      412.654
34900      578.055      309.170      416.859
35000      535.921      341.623      405.942
35100      517.786      292.359      364.551
35200      504.930      308.957      431.190
35300      527.153      328.288      389.821
35400      540.092      314.466      389.850
35500      559.424      301.082      466.565
35600      491.962      303.691      435.105
35700      517.767      284.871      439.081
35800      523.231      315.939      379.242
35900      539.782      311.128      399.020
36000      501.822      326.177      367.027
36100      487.881      306.219      363.378
36200      482.330      318.752      414.053
36300      498.141      309.610      394.381
36400      449.995      312.512      408.647
36500      492.434      375.828      395.684
36600      516.039      368.109      386.671
36700      480.539      289.789      373.721
36800      492.274      305.031      447.976
36900      527.353      300.016      398.671
37000      479.868      358.971      320.277
37100      495.101      320.693      431.987
37200      518.085      344.635      392.370
37300      557.943      323.295      421.042
37400      533.252      339.420      423.998
37500      493.286      322.546      438.845
37600      476.765      317.821      475.937
37700      513.043      301.529      453.607
37800      471.101      307.254      451.429
37900      543.734      307.634      455.205
38000      468.772      313.074      451.890
38100      443.851      327.269      429.917
38200      398.776      306.995      424.743
38300      466.791      275.075      443.885
38400      493.118      288.053      396.030
38500      448.089      324.699      400.251
38600      451.327      332.557      453.272
38700      509.710      293.612      430.449
38800      478.325      308.867      418.761
38900      479.509      310.102      381.131
39000      464.019      271.508      403.789
39100      508.501      268.478      478.336
39200      484.373      253.273      449.839
39300      500.436      241.734      393.995
39400      490.869      312.848      411.298
39500      426.550      264.663      443.128
39600      438.590      300.612      477.615
39700      457.174      257.539      451.195
39800      440.152      283.736      366.383
39900      466.041      270.440      401.356
40000      474.403      241.347      394.412
40100      402.120      276.167      429.342
40200      494.841      229.509      392.269
40300      510.319      304.166      442.253
40400      506.588      237.729      468.127
40500      463.615      288.200      448.327
40600      534.667      229.188      478.647
40700      517.274      266.678      473.264
40800      497.769      290.092      465.380
40900      510.607      251.379      443.818
41000      470.412      251.943      430.961
41100      463.456      294.159      430.637
41200      466.714      297.240      462.966
41300      489.314      310.348      466.471
41400      429.233      352.622      502.134
41500      460.075      303.053      468.221
41600      483.430      342.106      447.734
41700      486.967      334.933      452.945
41800      516.001      317.066      403.044
41900      467.184      303.708      482.341
42000      487.407      348.505      464.155
42100      500.335      316.708      447.854
42200      531.553      329.112      449.282
42300      541.905      333.473      452.723
42400      514.988      272.371      422.200
42500      507.228      298.847      453.353
42600      494.029      290.675      427.084
42700      506.453      356.565      454.592
42800      481.916      352.853      437.705
42900      507.933      311.934      447.373
43000      482.826      298.336      431.740
43100      499.132      344.476      397.215
43200      465.866      349.112      388.871
43300      444.105      347.513      403.270
43400      464.831      315.816      459.039
43500      454.992      333.962      473.419
43600      436.673      332.053      428.980
43700      487.128      330.843      431.167
43800      518.799      315.978      448.818
43900      462.728      359.929      436.228
44000      523.021      312.027      445.227
44100      547.443      373.842      451.036
44200      488.247      342.169      443.145
44300      521.465      330.296      444.283
44400      507.334      331.020      469.016
44500      525.678      387.769      471.718
44600      513.361      362.248      452.714
44700      489.130      384.915      430.618
44800      435.229      437.237      434.450
44900      480.655      400.980      436.523
45000      420.556      368.124      448.334
45100      360.641      426.806      445.206
45200      434.277      330.458      448.300
45300      442.098      335.807      428.181
45400      443.877      322.545      445.413
45500      455.795      280.470      383.373
45600      423.762      318.657      379.448
45700      418.978      312.813      405.259
45800      450.008      294.885      406.551
45900      468.713      324.593      441.907
46000      367.441      339.286      412.523
46100      422.799      371.298      369.812
46200      359.514      338.900      394.905
46300      374.942      312.176      380.760
46400      386.814      331.527      379.755
46500      437.060      365.879      366.753
46600      344.879      345.866      395.925
46700      409.938      306.563      394.766
46800      371.747      330.546      366.449
46900      395.168      417.588      395.019
47000      439.372      348.644      412.569
47100      427.136      384.851      414.841
47200      357.660      329.362      445.466
47300      342.778      345.578      416.720
47400      409.514      265.280      435.126
47500      440.700      297.872      403.701
47600      432.566      328.506      389.852
47700      368.534      308.280      359.560
47800      377.471      379.980      389.572
47900      335.791      321.903      419.246
48000      419.903      367.979      424.615
48100      365.999      395.122      421.840
48200      381.617      406.244      426.713
48300      373.709      398.507      415.025
48400      448.058      426.236      408.702
48500      462.958      365.563      471.030
48600      406.879      388.836      432.610
48700      439.139      396.468      450.441
48800      438.199      386.773      512.053
48900      401.879      372.660      423.744
49000      384.327      402.216      437.324
49100      419.533      370.550      479.046
49200      391.640      359.771      425.622
49300      405.304      388.781      452.011
49400      444.324      330.862      479.357
49500      457.966      360.534      453.100
49600      404.558      398.810      456.955
49700      460.528      423.105      414.545
49800      454.029      439.427      391.121
49900      425.498      387.495      438.024
50000      439.222      405.395      439.360