resid     replica1     replica2     replica3
 337        0.322        0.748        1.397
 338        0.263        0.575        1.398
 339        0.236        0.502        1.245
 340        0.236        0.344        1.179
 341        0.321        0.201        0.918
 342        0.376        0.271        0.847
 343        0.343        0.237        0.645
 344        0.283        0.284        0.580
 345        0.338        0.312        0.491
 346        0.165        0.409        0.414
 347        0.125        0.342        0.270
 348        0.141        0.403        0.262
 349        0.148        0.437        0.369
 350        0.145        0.342        0.282
 351        0.115        0.338        0.286
 352        0.133        0.247        0.343
 353        0.105        0.188        0.262
 354        0.175        0.196        0.262
 355        0.139        0.132        0.199
 356        0.148        0.118        0.214
 357        0.140        0.108        0.189
 358        0.245        0.148        0.307
 359        0.199        0.097        0.298
 360        0.247        0.135        0.384
 361        0.315        0.181        0.368
 362        0.302        0.179        0.309
 363        0.280        0.161        0.274
 364        0.304        0.242        0.398
 365        0.191        0.122        0.347
 366        0.188        0.129        0.263
 367        0.174        0.119        0.278
 368        0.181        0.113        0.213
 369        0.246        0.131        0.313
 370        0.177        0.146        0.222
 371        0.328        0.348        0.330
 372        0.123        0.193        0.175
 373        0.197        0.242        0.249
 374        0.133        0.168        0.157
 375        0.212        0.228        0.259
 376        0.119        0.199        0.174
 377        0.099        0.114        0.175
 378        0.106        0.101        0.245
 379        0.161        0.226        0.290
 380        0.108        0.110        0.286
 381        0.114        0.086        0.307
 382        0.141        0.111        0.338
 383        0.179        0.204        0.402
 384        0.124        0.112        0.325
 385        0.131        0.116        0.362
 386        0.139        0.140        0.458
 387        0.175        0.177        0.445
 388        0.245        0.199        0.376
 389        0.271        0.338        0.381
 390        0.277        0.220        0.219
 391        0.332        0.359        0.235
 392        0.329        0.346        0.241
 393        0.248        0.294        0.231
 394        0.185        0.163        0.202
 395        0.092        0.158        0.195
 396        0.095        0.107        0.265
 397        0.127        0.141        0.287
 398        0.116        0.166        0.235
 399        0.089        0.125        0.207
 400        0.134        0.107        0.287
 401        0.198        0.227        0.327
 402        0.173        0.187        0.247
 403        0.143        0.154        0.223
 404        0.206        0.273        0.304
 405        0.175        0.256        0.274
 406        0.128        0.201        0.285
 407        0.166        0.208        0.259
 408        0.142        0.169        0.228
 409        0.116        0.099        0.270
 410        0.190        0.170        0.306
 411        0.200        0.153        0.220
 412        0.188        0.118        0.225
 413        0.111        0.106        0.186
 414        0.177        0.199        0.268
 415        0.096        0.145        0.213
 416        0.076        0.122        0.183
 417        0.119        0.157        0.240
 418        0.154        0.161        0.255
 419        0.210        0.209        0.384
 420        0.267        0.223        0.432
 421        0.208        0.206        0.470
 422        0.238        0.228        0.473
 423        0.286        0.289        0.595
 424        0.268        0.223        0.436
 425        0.473        0.207        0.538
 426        0.419        0.231        0.360
 427        0.213        0.183        0.341
 428        0.216        0.178        0.365
 429        0.168        0.199        0.258
 430        0.089        0.166        0.193
 431        0.082        0.173        0.193
 432        0.100        0.194        0.193
 433        0.100        0.150        0.234
 434        0.211        0.180        0.314
 435        0.495        0.313        0.403
 436        0.387        0.376        0.448
 437        0.559        0.523        0.599