time     replica1     replica2     replica3
   0        9.544       18.046       18.328
  50        8.823       17.333       17.640
 100        9.293       17.722       16.968
 150        8.733       18.781       17.393
 200        8.720       18.367       17.280
 250        8.151       17.766       17.709
 300        8.872       17.533       16.864
 350        8.780       16.418       17.532
 400        8.585       16.633       16.966
 450        9.294       17.714       18.185
 500        8.580       16.831       17.179
 550        8.632       17.075       17.152
 600        8.783       15.842       17.654
 650        8.821       17.707       16.715
 700        8.895       16.749       18.507
 750        9.122       17.297       19.103
 800        9.066       17.459       19.422
 850        8.863       16.618       18.632
 900        8.608       16.855       17.915
 950        8.763       16.809       17.742
1000        8.934       16.744       18.656
1050        8.964       16.285       18.439
1100        8.860       16.499       17.890
1150        8.776       16.468       17.768
1200        8.630       17.704       17.070
1250        8.759       17.518       17.481
1300        9.008       17.796       18.160
1350        8.528       17.765       18.573
1400        8.685       16.828       18.178
1450        8.615       17.225       18.518
1500        8.555       16.815       19.364
1550        8.691       17.288       18.356
1600        8.671       17.606       18.771
1650        8.818       18.272       19.044
1700        8.946       17.815       18.220
1750        8.546       17.749       17.971
1800        8.855       17.059       18.169
1850        8.836       16.742       18.162
1900        9.019       17.522       18.461
1950        9.121       16.514       18.432
2000        8.277       16.346       18.802
2050        8.520       15.759       18.630
2100        8.360       16.754       17.707
2150        8.945       16.173       18.858
2200        9.049       17.271       18.712
2250        8.679       17.802       18.231
2300        8.610       16.497       17.474
2350        8.629       17.505       18.258
2400        8.903       17.132       17.029
2450        8.729       16.247       17.940
2500        9.116       16.862       17.196
2550        9.005       17.762       17.775
2600        8.793       16.716       17.766
2650        8.678       16.130       17.464
2700        8.741       17.425       18.332
2750        8.114       15.734       17.457
2800        8.893       16.234       17.970
2850        9.307       17.284       17.841
2900        9.051       16.141       18.312
2950        8.513       16.232       17.541
3000        8.802       17.422       17.528
3050        8.788       17.455       17.183
3100        8.934       17.530       16.944
3150        8.855       16.825       18.782
3200        8.404       17.799       17.371
3250        8.957       17.534       17.522
3300        9.329       17.789       17.512
3350        8.829       16.389       18.023
3400        8.627       17.049       17.433
3450        8.467       18.436       17.864
3500        8.869       17.589       17.512
3550        8.988       18.172       17.835
3600        8.799       18.617       17.972
3650        9.226       18.735       18.537
3700        8.526       17.967       17.700
3750        8.744       18.371       17.519
3800        9.075       18.698       17.170
3850        8.876       17.775       16.936
3900        8.668       18.244       18.246
3950        8.708       17.921       17.652
4000        9.254       18.074       18.438
4050        8.613       17.785       17.875
4100        9.032       19.043       17.731
4150        8.672       18.314       17.527
4200        9.012       18.372       17.566
4250        8.726       17.684       18.330
4300        8.565       17.522       17.869
4350        8.830       17.284       17.477
4400        8.728       17.973       18.135
4450        9.282       17.969       17.830
4500        8.709       18.246       17.186
4550        8.923       17.499       17.678
4600        8.660       17.434       17.997
4650        8.642       17.837       18.101
4700        8.763       16.931       17.901
4750        8.347       17.127       17.162
4800        8.740       17.223       17.590
4850        8.943       16.688       17.365
4900        8.842       16.650       17.495
4950        8.771       15.820       17.618
5000        8.804       17.129       17.373
5050        8.912       17.598       17.618
5100        8.372       16.882       16.818
5150        8.656       16.943       18.097
5200        9.159       17.250       18.007
5250        8.887       17.313       17.606
5300        8.646       17.218       17.804
5350        9.193       16.985       17.546
5400        8.973       16.766       18.657
5450        8.962       17.356       17.847
5500        8.637       17.877       17.896
5550        9.091       17.786       17.870
5600        8.677       17.551       17.336
5650        8.420       16.955       19.062
5700        8.830       17.265       18.255
5750        8.412       16.594       17.858
5800        8.828       17.444       17.914
5850        8.664       17.414       18.386
5900        8.599       17.664       17.125
5950        8.677       17.337       17.945
6000        8.755       16.461       17.949
6050        8.807       17.428       17.670
6100        9.157       17.200       16.870
6150        8.924       17.498       17.580
6200        8.828       16.925       16.394
6250        8.513       16.793       17.324
6300        9.124       16.839       17.572
6350        8.914       17.053       16.840
6400        9.008       16.898       17.789
6450        8.254       17.756       16.641
6500        8.653       16.647       16.997
6550        8.799       17.513       17.553
6600        8.881       16.234       15.881
6650        8.637       17.621       17.258
6700        9.085       17.841       17.108
6750        8.866       17.798       17.678
6800        8.506       17.162       17.536
6850        8.578       17.148       17.477
6900        8.837       18.017       17.468
6950        8.663       17.474       17.568
7000        8.507       17.018       17.270
7050        8.459       17.561       18.093
7100        8.532       17.563       17.566
7150        8.825       16.571       17.609
7200        8.984       16.765       17.814
7250        8.300       16.865       17.476
7300        8.469       16.693       17.238
7350        8.323       17.899       17.554
7400        8.871       17.772       16.812
7450        9.015       17.948       17.526
7500        8.942       18.029       18.948
7550        8.751       17.804       17.879
7600        9.076       17.122       17.792
7650        9.003       18.116       17.224
7700        9.081       17.625       17.081
7750        8.788       17.517       17.500
7800        8.693       17.816       17.697
7850        8.746       18.111       17.274
7900        9.372       17.610       16.611
7950        8.386       18.591       17.523
8000        9.033       17.505       17.438
8050        8.548       18.882       17.844
8100        9.176       18.134       17.382
8150        8.500       18.488       17.086
8200        9.003       18.146       17.873
8250        8.882       17.302       16.867
8300        8.948       16.771       17.857
8350        9.186       17.297       17.697
8400        8.952       17.099       17.537
8450        9.049       17.043       17.736
8500        8.904       16.747       17.136
8550        9.120       16.790       17.385
8600        9.097       17.393       17.464
8650        9.351       17.338       17.051
8700        8.968       17.257       17.982
8750        9.060       18.545       17.471
8800        8.970       17.296       17.096
8850        9.095       17.179       17.668
8900        8.895       17.796       16.944
8950        8.917       16.810       17.404
9000        8.628       18.101       17.874
9050        8.805       18.116       16.953
9100        8.935       17.620       17.820
9150        8.945       18.226       17.055
9200        8.924       17.961       17.638
9250        8.927       18.545       17.972
9300        8.412       18.391       19.257
9350        8.927       17.785       19.161
9400        8.617       18.560       18.295
9450        9.087       18.019       18.258
9500        8.823       17.170       17.517
9550        8.714       16.337       17.137
9600        8.635       16.906       17.916
9650        8.861       16.546       17.987
9700        8.824       16.540       17.570
9750        8.912       16.063       17.999
9800        9.034       16.287       17.112
9850        8.664       16.015       17.112
9900        9.079       15.722       17.639
9950        9.002       15.840       18.005
10000        8.824       15.802       17.736
10050        8.884       15.123       17.953
10100        9.424       16.097       18.054
10150        8.529       16.173       18.354
10200        9.011       16.661       18.420
10250        8.512       15.705       18.243
10300        8.708       16.285       18.870
10350        8.824       15.793       18.856
10400        9.019       15.636       18.019
10450        8.409       16.578       18.002
10500        9.037       16.328       17.762
10550        8.876       16.012       18.735
10600        8.863       16.635       17.963
10650        8.732       15.847       17.770
10700        8.573       16.806       17.895
10750        8.923       15.180       18.072
10800        8.569       15.554       18.714
10850        8.935       15.250       18.268
10900        8.878       15.922       18.145
10950        9.081       16.715       18.480
11000        8.974       15.660       18.767
11050        8.498       16.279       18.855
11100        8.737       16.733       17.963
11150        8.937       16.375       17.935
11200        8.715       16.434       17.782
11250        8.863       15.931       17.956
11300        8.831       15.837       18.321
11350        9.095       15.569       18.272
11400        9.203       15.738       17.492
11450        9.259       15.259       17.752
11500        8.675       16.523       17.737
11550        8.795       15.169       17.960
11600        8.980       16.503       17.677
11650        8.910       15.815       16.728
11700        8.829       16.145       17.827
11750        9.176       16.244       18.787
11800        8.691       15.575       17.965
11850        8.634       16.289       17.762
11900        8.485       17.524       18.274
11950        8.865       16.535       17.218
12000        9.175       16.341       16.617
12050        8.718       17.308       17.293
12100        8.673       15.796       16.657
12150        8.582       16.737       17.192
12200        9.331       15.739       16.742
12250        9.014       16.651       16.851
12300        8.513       17.890       16.767
12350        9.004       16.650       17.517
12400        9.093       15.311       17.161
12450        8.692       16.337       16.601
12500        9.137       15.858       16.547
12550        8.842       17.099       16.890
12600        9.237       15.952       17.127
12650        8.962       15.475       17.425
12700        9.083       15.728       17.816
12750        9.103       16.784       17.278
12800        8.585       16.634       17.195
12850        8.100       17.263       17.359
12900        8.907       16.518       18.137
12950        9.024       15.528       17.161
13000        8.771       16.718       17.931
13050        8.696       15.766       16.656
13100        8.808       16.538       16.629
13150        9.366       17.305       17.140
13200        8.680       17.132       16.712
13250        8.846       16.915       16.534
13300        8.929       16.711       17.515
13350        8.604       17.526       17.483
13400        9.003       17.105       16.837
13450        9.085       17.224       17.026
13500        9.218       16.726       17.661
13550        8.891       15.769       17.503
13600        9.366       16.542       17.552
13650        8.966       16.428       15.961
13700        8.755       15.578       16.704
13750        9.083       16.042       17.254
13800        9.146       16.281       17.941
13850        8.781       16.465       17.461
13900        9.093       15.673       17.703
13950        9.172       15.559       16.239
14000        8.714       15.572       16.930
14050        8.526       15.274       17.324
14100        8.938       15.003       17.603
14150        9.669       15.120       17.179
14200        9.136       15.309       17.009
14250        8.922       15.217       17.079